287642.110163238 181916.505192769
272800.671952584 150573.972561771
268929.058089208 165411.079785941
270287.837884593 161536.822748755
285254.898809923 173191.960696221
274167.874642031 172445.255767553
282885.86768967 166022.858382777
276072.352788023 175061.780208378
288931.669288622 160011.051899291
282496.893280742 160192.903443124
276601.944692087 179741.975359544
281159.900049427 171241.508386798
268634.743626914 170768.053469914
277950.798328745 163169.43823664
303117.871973635 221949.045862841
300046.189836788 228635.859123857
301927.860821133 226644.933544352
303786.620459218 226670.830011022
319734.005521876 263450.63898336
320627.171157552 263967.648326612
315029.287492415 253285.445291053
323031.327888573 250506.772710559
307215.962001881 258464.304307102
326415.848874132 256868.498978853
321572.787430065 254298.132174864
322323.985711923 245760.666301705
323951.719400598 243266.606836428
323602.791000089 242876.524999559
325201.86774497 251122.564174643
326380.684000099 250470.546999492
313560.615102808 246110.299475865
326153.051455147 254054.625663476
324977.147462833 259969.185885097
324574.287000092 260808.426999528
317582.293555397 246674.970582704
319429.657411265 245242.73475271
311655.700058862 253918.872456297
313554.343124359 260422.802736629
320175.836507817 261075.971106377
321445.326796816 243129.802606133
318976.595321525 220500.628106375
268580.0896386 194007.62380067
279825.263980545 196401.842068476
278024.390030269 184996.001347424
265921.064485953 199057.647237601
263114.666312862 210452.734697819
299061.249363285 233530.632501375
287483.6710723 227746.670609824
288344.642952546 239546.110153984
293675.611896887 237413.859540749
292445.714245415 230170.096672598
270932.431437227 232705.336076737
267214.531422871 219573.070801609
292724.51949166 209072.745997358
277664.662368148 210332.622676252
278975.633491229 227608.046451061
283930.501154775 209554.757702553
273274.773511862 212662.586072407
293989.641208032 222612.747106799
276062.206635433 210931.849553028
283045.478636158 227243.487962239
278781.915348764 225008.289547527
289043.32619581 222962.906049539
276332.952989708 207051.120900601
276818.786896773 217408.763157181
277224.143725163 222755.494329381
276478.064536563 226967.244196899
287569.30848477 208455.630715245
270570.781646505 205333.441723487
271759.511539145 190631.991874307
284957.958613913 221386.695358894
286747.78673228 213937.949550896
276179.297564733 239676.013386426
278316.501641509 208654.437327718
280571.886855414 204238.506731149
273909.120574973 198764.116537044
292107.224257387 221143.70388845
298695.436911243 221579.271047876
281551.729981436 211975.097635612
266189.360480879 206502.269602864
278585.35563708 200351.458524734
241512.493736647 143992.691034904
245747.332584893 134622.453050797
245802.094080878 122319.248798982
244954.028434537 170714.820634126
253210.954241679 172567.281875741
256253.051464299 179763.53546973
256540.303524018 176212.921805712
240607.809253578 164884.757536444
263058.966259146 153511.836099584
255427.571703335 149145.147377851
268141.195226212 153663.24160621
263396.821884864 137900.482101752
258336.19960097 141959.188902614
229895.86473995 166601.688959
228343.550210911 163195.755309499
256139.087063563 118666.304155815
250741.30672027 115841.779570001
256278.497457613 124343.850188094
263583.973391605 115396.880694871
265901.066272962 159149.847533565
249248.623296476 143225.59484582
252339.401926578 142967.779333932
246813.165546262 120104.16499324
253203.299258817 137468.1338097
254373.135914698 135345.018896083
244143.422664686 184882.754093
246681.747633754 180529.456669254
234019.372366671 191773.902559499
240872.609060365 177181.985145556
227888.835274444 178157.793264543
264369.731738589 188561.87600661
257584.265435571 196434.206570358
232273.092927052 210972.935854025
245193.72567424 207367.214547617
245483.073000001 207807.129999998
235435.096216897 194461.607771997
224660.166705805 187568.730058069
259764.745655271 179440.590741511
246778.617108474 188808.323752741
252566.655650709 205121.174336494
237261.097403474 181364.924190042
221424.718273708 178628.734464433
257011.622779996 209706.708761392
258029.511700264 206868.47994408
256755.752785497 182038.435513641
215593.744129912 256976.50643378
212407.614501679 263532.084683649
225730.028402511 272252.701747381
214087.285734248 275128.234831744
212359.997569579 276224.163535094
215178.87977902 285514.800257116
210964.97612661 279565.628372454
222691.548233792 280669.000430231
224426.904351546 263683.782341354
226049.242227649 288844.717303719
208030.506357843 270065.538212014
295732.298183516 290620.751090622
295430.700000024 289406.609999901
305998.596276158 295068.633729387
299920.254108204 282046.545203601
304965.629016836 298505.679805987
305985.237543013 287917.124877515
295639.882029559 297721.687527622
319040.516592762 311348.004564137
318442.624000071 310972.908999629
311155.117774378 309355.467082566
299277.113787132 303487.419618784
313991.178960963 316737.259358954
295812.00359625 301074.430622636
315912.877104546 283667.066816567
304501.843534162 277707.805731729
314340.327829713 277788.92141753
314209.213149656 280291.43805887
304319.182463155 283535.42099849
288506.431001565 289657.064583237
306336.782771434 252463.483683354
301522.493207828 242048.184282957
296795.679708747 252373.96534987
302058.266765839 251570.499518744
294840.513178784 242485.120421379
288743.612240164 257407.467849295
274077.917374139 275793.169570128
282412.321481353 286632.592646306
304607.048313368 268818.229023858
316917.399764158 266460.203758293
315202.207187149 274386.15095023
313780.504000058 274578.030999721
314718.379017574 265844.279114146
313819.232387204 270113.455695706
296333.48397836 274280.684249223
296970.898217174 265285.399136217
255354.086279074 280249.819016766
280615.985641238 256910.791528719
271552.117492674 264152.305632227
277911.653844093 240964.138967028
268766.138908556 254073.602335428
279417.24716345 249235.840451067
284126.448895917 248749.995437279
304534.330845642 272540.041259136
272526.501290987 258360.163088402
271317.438795717 245481.804385676
264937.922017552 245128.702333852
278677.069102697 289216.996101726
303683.115685608 241065.999839512
284322.696527503 261273.741351649
276467.503553258 279651.124970126
264794.724567931 274221.788516365
281199.057493697 262593.81399902
220852.512556829 230805.773036575
201386.269156802 215455.087489869
211433.405097636 224563.075618424
218470.375658337 213855.644260661
218477.198569015 205401.078895778
207425.784242438 222941.046499188
197233.934494189 225375.741147104
260145.016167027 217916.288380187
263371.446671659 232571.827116853
253459.793266786 233719.577981532
203019.052130178 180985.508891608
205044.44709954 192687.666500514
233822.550934636 224982.715516316
232518.8 224553.88
225759.062680831 232819.025541774
252089.164736292 220596.55995029
247351.930599976 227931.835633044
245350.306668403 220723.563029563
230036.43551026 222255.031444367
236777.486218599 218316.98290488
219670.098160268 224892.046697148
244130.925047046 224156.971085395
229936.011326128 218492.864593404
248178.220083042 215385.608276281
296944.934172197 139970.424089
295428.805000024 140424.308999916
315491.675657295 159760.126836965
123119.966826709 207866.405294044
113569.624403175 198107.693880718
128505.180989089 188879.577540669
139663.454751706 168102.93488015
147684.634533835 165981.970860547
113102.277138364 188257.172997369
109823.069520363 187487.948106917
105889.218365335 179036.096313177
99592.1461973099 155215.974684824
97092.623048791 165530.717236546
88694.4833379272 159792.288262836
88317.6060057632 161021.967099526
101784.011967979 174787.10044507
159012.67462176 162578.141256264
156067.683072388 161362.996884885
162386.75412049 163295.975692965
148340.259295499 161181.094950753
156371.817484817 186156.870810768
169877.177953166 172915.153465635
163990.350118691 183888.553196066
174894.798829446 188704.975696537
149641.539975753 172947.564833238
141750.895563164 174286.961142519
297135.633645223 180168.508958479
157246.24162768 172888.860510083
106355.733775664 188297.799549899
147235.548395295 169818.217744044
170960.47095698 186918.090151241
120650.863309997 181188.532037669
139799.824639715 187819.508978288
122655.384053433 167052.272534223
144929.640411628 161060.174302999
135311.320133587 54278.2987910648
148869.714046818 54856.3815866731
142842.84747651 65859.7851259671
154581.423094948 57385.3322727595
155435.18865454 69053.2133104187
94084.2483921902 42022.5897582824
68282.6170188821 46102.7439506069
138445.017596952 41522.7166890439
151221.02180301 42457.004548502
128930.208903462 36493.8789810504
146914.98915911 43737.3719685632
179124.42746797 66711.2621656131
161244.953396801 76128.6895684078
172980.635313392 62545.3607645504
148862.652252174 75017.1414297071
176412.41312977 67331.6552456434
177152.872 66252.1249999999
178062.874705887 64029.0177302891
158259.999110501 74987.9226323241
176516.683285754 84371.7346282675
114980.842632088 66974.1231025604
123081.341380686 52377.9548075878
122498.894217526 66140.8969243654
180979.139806292 98528.5215545821
172866.74939244 99298.7983039967
184577.127582258 91779.0919292677
183730.277106793 93170.4993813664
168248.225043975 102518.044526873
192773.537851647 93364.3102800201
175598.812531387 104011.594972935
183388.614312141 102463.981227044
180899.263690546 91509.6017252887
115649.745734596 103825.782827264
138865.430882576 97954.3007697494
126950.830361692 101238.855205442
145409.494271977 118023.398903367
138014.166529398 103501.844233217
141371.852267481 121355.005306892
132103.980273698 107200.037623258
147544.603734888 121909.225486813
164029.789714005 50368.0664840666
180788.551557595 60518.7055202064
179727.299430389 61053.6664180095
179709.736 61125.4430000002
179279.527777644 59048.0835451992
133755.513270206 73341.1686018974
135436.628108811 71972.9293913691
121178.864383629 76741.5176810502
149169.125787832 69437.854031239
155956.855439417 98313.2839668465
158226.61 97778.1639999993
149181.157929039 101986.949341117
154075.639560275 108969.771049571
159964.761626187 107549.235969575
152879.254647937 94997.6638537283
164660.691695117 99502.0347878955
145153.179788571 112199.401108607
188155.57257407 73371.0285475149
188275.257 74380.9240000001
185627.019967638 65367.8808734174
199224.512168678 64004.2957193248
182026.59021593 73235.6427500348
196357.936190779 73370.3016097833
191321.565204749 67705.6356704666
198124.679360219 66691.0498667247
184301.232688728 63791.3707941242
117258.422004356 97624.5142510298
127324.766726753 90183.0271696013
170798.239592834 110479.149049988
181581.403130909 112631.222526816
111991.511777127 33504.4641675827
104850.878452098 26355.2842163433
118234.482405747 31187.3998885271
112550.390180476 45735.3864354091
121124.845766225 37186.0953485186
120728.533266678 34260.2851228871
98647.9889083425 35230.0917208628
92806.9050065272 31380.767200058
93650.1949999572 32365.3899998604
209783.117024501 77545.5564942725
200467.489854183 76520.7679424976
197084.084148254 71706.0115405215
149754.603910492 66969.2373499585
166628.364485809 54003.9732104112
168171.096344679 63340.8958824207
176666.434023068 78534.8122914266
164781.549457132 81023.6536451739
167235.43560325 81786.4624225576
145803.783610291 66463.4867930467
152264.782052319 46963.1749738754
149960.833540367 113515.631184553
129746.091996927 75689.879973699
150217.156409244 88330.7490972221
158210.020235179 84528.9332360983
171008.386677311 88232.1338844321
184978.36707482 98853.1101066859
193332.897013377 89744.0213532278
196238.994944151 75317.9250827936
204362.81947685 70996.4791903818
188791.162884211 68115.9150545409
175696.932038174 64087.9613260669
165947.319677727 57837.4983165192
160678.253367096 61425.2170264799
155572.978735136 61106.8475038574
158752.388160661 46148.748894047
159041.714393557 52920.2277692797
141100.367530975 92513.5325601477
133131.973873919 94171.4402964528
143456.942098449 101894.924465994
143227.900531212 106866.708728223
139624.641467256 114250.492861797
167555.972017817 107523.635789626
81921.0861130337 37750.6764179775
47088.7067507848 79426.7319630978
66869.4030187995 91111.4582018686
42166.4937408417 77049.9083186047
50484.8775673109 66676.3499320089
59534.455780055 101904.162401712
62029.8090813991 113408.298338786
44436.538682073 101143.51916047
91158.6180221444 71018.3205259535
91391.4089999525 69408.7729998344
100718.194485258 73364.0208492733
69018.454739245 66705.0542808014
96082.3858941321 90648.9979485207
96477.5165430182 92502.0377133112
70418.0684554228 96585.162360238
112957.950751251 96816.5382017564
77459.8728521868 96426.8708791351
82501.5925553165 100345.716059282
116872.157727176 93151.9401834396
98860.6739573635 134009.044519416
98084.9358941795 133337.922558893
86565.9306975654 141311.009718856
86734.9529999417 142046.501999769
87447.3284286974 134766.668486341
99749.5669439874 145087.702228666
82029.8481360564 130601.084884804
89889.8485247673 129301.273093937
107009.246346773 139736.793286253
106774.97338111 147530.903703782
85077.6105825965 122918.610309572
78837.9719579911 120433.781080751
75204.5720497718 128019.564719596
113535.422811575 118497.456686761
73264.2190173895 115919.581765802
78215.0355729213 115410.32720263
87597.5380193422 91931.946586767
99156.0671591875 94879.5168747569
83736.0801718086 103443.422257638
90824.137661936 103241.658786248
89306.1618681715 123323.111372585
105660.238371831 129985.575502898
37030.3943481309 72846.6158125895
146251.213458593 145880.447648738
141369.939626777 136152.17457855
151027.065437171 141094.566225491
113200.718014383 147192.08225696
162849.134688885 136333.942555795
154926.953279574 130437.895863519
170750.937649852 135637.535400104
167966.882656526 123139.321088376
160949.520040305 127989.071187062
172024.454614588 131578.258058566
164110.959494578 157474.357363284
167884.622504399 148963.834086558
177130.426323527 151338.635582399
166214.637547354 162481.346216243
172601.948168675 155549.988843323
153000.72236009 153862.596375835
151961.321956119 149979.239038871
176422.802180778 124410.66742234
180199.781670274 127654.866132719
111734.110949622 126384.138703396
127845.165964352 138557.835336399
112562.327035459 134945.140396976
133349.131489977 121846.651550073
138208.121969921 121178.370883626
115879.478229537 119433.784002926
128036.249052963 133636.849846327
134033.295997554 150384.023725959
125565.201793607 151522.38861694
141286.693317432 154945.796778558
136387.345821932 141533.570788882
125578.417382543 147350.828438772
183307.322612727 150436.071809359
182279.883334808 142004.87345483
176796.386049285 146051.367058631
146935.183468781 128099.017614368
162814.161305294 149156.710114939
121914.696375082 138526.496466817
172952.006458495 141163.385791294
150651.035556712 153866.677736699
159180.973959117 143856.4764741
119058.19111664 145975.549019531
191515.551101964 193783.16913344
186548.923640942 179226.04670713
186656.930071008 177815.538086756
170477.531862253 173518.679280548
183903.948256736 186640.673602598
211316.873635038 171354.871729318
212757.453907263 158355.609341982
202822.830510077 166781.042663906
183924.951113995 159382.164169164
179980.680979829 180986.47784608
207795.967887418 140307.542666765
208199.543886091 117786.389334471
188842.568472477 135658.318168117
176569.476150671 134815.152801601
231096.373681701 148622.47847106
216545.754716405 128840.097692558
225925.613730073 93811.0348508709
227722.244 93569.195
204830.919702193 98147.49024409
259691.261396953 101275.12721698
263370.419762558 101162.907982311
177847.840581469 238779.421889896
65550.4751164561 250699.011888682
72127.0266358906 240140.894853052
132450.125908377 236593.908206745
88170.4329967627 209199.107716511
121353.681372725 232335.22104821
138054.047814612 224549.571901362
163196.917985088 262271.005084812
145406.596053669 201693.000541202
137258.306228539 210220.178743876
150165.343150172 228238.810240986
150445.00573633 220388.309277609
173203.185434189 200244.572271266
178334.569736718 252432.322810039
162338.796866764 248602.782037783
167049.987964942 246488.959373297
93092.6079125952 225182.332608654
93117.230999957 226065.978999818
112137.071003922 242530.793491536
191141.666250857 216555.152502153
180718.540752868 212943.753303949
185272.617155828 204718.069211151
150937.255565397 263362.768760114
127087.734807469 247457.537819485
153148.206992404 236199.989122644
143607.185536642 252178.873286827
143917.503999998 251028.982999996
141121.317289806 220046.470323737
141059.170557088 235714.069484236
137123.828391144 232724.248221105
119287.00317507 222761.881287296
112970.171308299 222488.749848862
117335.260627253 238193.721159549
142485.28151626 243409.222084272
138575.846582735 240111.473699251
161776.690291437 269778.497415277
140382.931799976 263158.560426134
70938.5499322753 257758.697292645
122439.4701645 223072.438151933
213155.738523691 311545.741455773
197432.063422295 310629.931057766
199818.952973352 297498.112617959
181533.820478581 355461.851340285
180532.527717816 331301.180953953
190651.752333539 324458.111687447
188746.022382539 339706.850971317
223185.883947734 303211.078410353
208716.979957152 296723.738051229
178760.423361458 357863.315397387
195800.566726091 304543.309509465
205347.28734547 289757.58070337
124393.847872772 319202.995283988
122354.128999992 318400.98799997
111050.20067799 337498.181608994
113923.874883954 317629.102639172
127194.123472877 304296.202672959
120578.480599906 329896.316670336
119164.426366134 264506.828295119
127909.612709968 253220.870046531
86148.9774718831 323145.714959945
70499.9762974483 332234.126686425
114459.234436916 289843.551964029
115837.386423307 289169.338436271
125395.473591712 284711.946128894
136727.249425098 269190.49897366
148929.930262089 279765.277086034
134086.775764364 275290.078770875
139438.827994706 282839.962564878
144319.286504582 291763.885646108
134242.25607657 289261.499686442
137642.782006704 299606.698030282
99402.1237238311 284128.739085927
97284.8204894021 284649.660194147
61500.4092930298 304927.854310875
80730.2403378552 280732.15405045
98370.9940302823 294018.797254556
72555.7829922499 298947.551202764
125622.346165985 259693.169059919
132768.922578277 318201.698890459
124389.242432382 294557.154141739
83540.0335548341 296720.493384082
120065.114268763 284305.990015446
113359.417817546 310042.802050962
119910.742579156 293326.952813978
130608.960255808 295231.828295141
186581.438481397 313625.47543338
180587.752267108 302725.48598031
161957.807852653 294899.409489696
158113.526577523 277075.961045443
167739.154024298 279751.163535875
173494.878805719 291269.891484825
163042.271982863 286022.140331015
199299.427275465 271981.129888183
186931.938241276 288337.719230352
187260.634539611 264236.462582385
190883.796005751 311389.173305311
174996.665346358 287471.024277887
150420.745571819 271053.552667478
183685.136881212 280836.895478276
205126.021915147 277144.824961904
166203.385780488 305009.425240781
137782.580003096 337875.915820298
128811.667424328 330212.541940518
167076.12063171 339163.488408922
166310.864397171 315523.487887666
170383.06867259 353359.633173293
170336.732514321 357633.41730307
174151.683758376 320231.392052802
164427.746447825 339906.453180124
161274.134967858 335531.542052979
152049.604090798 311656.602666543
176315.781782236 327923.384604322
142784.176404565 333774.243929795
267801.390324845 296455.823515632
278328.762163266 295712.720032819
269594.801503706 285095.615698647
272304.740801977 305721.625420598
227583.676385238 318460.511179124
219459.91998175 326973.620134084
252562.9024705 290733.18613258
260596.338531928 287724.634172122
242018.336478276 305176.592516876
241420.370605881 304489.760809947
244686.744764623 310972.936916247
236610.772731677 317441.691774799
240776.402819374 311000.608859537
231107.52840476 306882.759204718
244812.964088892 290378.02070365
207966.24117512 337971.678631722
230838.417506931 291611.575531866
181721.648776423 358817.467158809
182222.190471563 360205.320055765
191994.469194449 370200.243922235
187382.527697654 361668.522297754
193214.754170766 378352.275448669
177060.908869983 376011.358707068
194371.417029896 374462.365016111
187063.978346474 377538.845725986
210564.283268895 366681.544557512
181516.622654197 425726.280434015
205791.970766051 430435.659056727
193321.719613478 432324.385298375
188337.902374722 432779.605258129
179987.823830188 419241.656330055
173635.291067705 390757.64816561
172753.856236939 415073.666450088
159101.487484716 379141.498432346
176997.777916989 411305.372492202
152945.129819921 384604.144699307
181668.641853049 394306.816158856
162064.957023017 376180.089283994
171284.697354299 376467.534648342
181511.377865365 416859.368778964
180253.096429802 421111.443083005
234943.887235766 432359.576579194
234237.084768384 433480.284752484
238293.298596535 448049.691615669
238197.431753022 423547.094636063
246927.666750789 444840.754269883
236641.465919027 411650.451624309
237416.830348487 446243.797507537
237861.192 446386.403999999
234323.111658729 426664.460389717
264374.328655324 440118.523877023
261271.071740515 438691.562321273
246558.178633862 424947.141921312
231197.465298238 416751.717359152
236263.608677156 424330.678442575
224243.869437982 411854.002330682
221441.30343176 432327.178506772
210388.379240691 438772.460856997
219310.467155356 426838.514635839
222616.04075831 421046.120688103
229611.648838296 428030.923641742
214269.449338907 394633.940940274
226257.757772313 395152.277707041
221525.37648935 401423.399679018
232932.157863171 398462.013727129
225905.448858066 402921.706317271
234532.353364674 409702.98656413
191303.017971181 430168.522675495
220355.651422314 394270.731403618
239691.145573319 421497.011517051
182149.189306661 430524.224224664
253087.673776592 449217.725308755
246831.854089722 450159.423347168
254066.443944322 444193.539923004
215960.527291052 402265.110538984
251253.84292448 431158.460118837
284149.493659537 303599.41623947
293234.227544964 306868.297514144
282630.590775703 319279.707788955
250021.778908542 326090.918226331
249985.18724409 326903.029325726
256463.180051027 323517.121159806
264528.829049334 319184.294245998
263040.381093676 335910.828373548
267769.557452063 344012.638843902
271975.421995167 341517.022403213
260897.091372452 337083.958268546
258936.784318907 330761.030667224
262444.919331608 330134.199880703
276756.766895401 320675.659791092
275001.666776847 330311.951836553
285416.70165816 323013.520508271
315189.16306265 232842.853821151
306602.361000042 225867.415999821
272189.501603365 127589.109070988
206282.86581418 204460.341744122
205378.322 203551.489
200317.627549052 269231.828464793
254298.877724067 212214.750086915
205134.811221701 286659.911235029
166271.743406149 166710.139761317
208397.847849379 153924.239659598
270787.696007917 144015.1947461
114734.240341301 255628.497315657
291691.586895779 161112.510863754
147794.440522465 301821.928837947
194257.984667772 299624.384733974
291281.934938483 156631.081854627
153389.085270855 122786.994386247
